,NrArticolo,ImpiegoStandard,ImpiegoEffettivo,scostamento
0,ART0000018,5.15,5.15,0.0
1,ART0000041,92.0,92.0,0.0
2,ART0000042,104.0,104.0,0.0
3,ART0000043,36.06,35.716571428571434,0.34342857142856786
4,ART0000115,434.44,216.7206436781609,217.7193563218391
5,ART0000116,142.0,369.2,-227.2
6,ART0000119,16.51,33.872129032258066,-17.362129032258064
7,ART0000121,61.92,58.050000000000004,3.8699999999999974
8,ART0000125,39.11,19.66185792349727,19.44814207650273
9,ART0000128,66.0,72.0,-6.0
10,ART0000129,195.0,585.0,-390.0
11,ART0000131,26.22,29.53763265306122,-3.317632653061221
12,ART0000151,45.13,7.781034482758621,37.34896551724138
13,ART0000152,15.149999999999999,12.838983050847455,2.3110169491525436
14,ART0000157,45.0,45.0,0.0
15,ART0000223,116.8,29.2,87.6
16,ART0000226,40.31,515.1532234042553,-474.8432234042553
17,ART0000227,25.83,388.67999999999995,-362.84999999999997
18,ART0000228,62.4,460.512,-398.112
19,ART0000229,7.9,154.86025641025643,-146.96025641025642
20,ART0000308,144.9,103.50000000000001,41.39999999999999
21,ART0000312,236.0,260.0,-24.0
22,ART0000313,190.8,301.2631578947368,-110.46315789473681
23,ART0000320,47.769999999999996,54.545886524822684,-6.775886524822688
24,ART0000323,45.64,55.680800000000005,-10.040800000000004
25,ART0000324,25.68,5.820799999999999,19.8592
26,ART0000325,57.05,108.1668,-51.1168
27,ART0000456,7.84,27.776,-19.936
28,ART0000555,1.33,10.357375000000001,-9.027375000000001
29,ART0000625,464.07,208.61509430051814,255.45490569948186
30,ART0000627,241.49,108.24696369230769,133.2430363076923
31,ART0000628,320.19,291.9017669654289,28.28823303457108
32,ART0000630,227.94,189.36874852883486,38.57125147116514
33,ART0000635,60.0,42.0,18.0
34,ART0000638,30.0,30.0,0.0
35,ART0000639,34.44,22.51928173374613,11.920718266253868
36,ART0000641,60.0,192.0,-132.0
37,ART0000642,62.5,125.0,-62.5
38,ART0000643,219.3,266.59999999999997,-47.299999999999955
39,ART0000644,295.49,233.2435581134766,62.2464418865234
40,ART0000645,724.4599999999999,466.48156097560974,257.9784390243902
41,ART0000690,11.22,11.494266666666668,-0.27426666666666755
42,ART0000697,4.41,7.98,-3.5700000000000003
43,ART0000748,11130.57,32893.97226182761,-21763.402261827607
44,ART0000749,883.3900000000001,441.69500000000005,441.69500000000005
45,ART0000752,6489.7699999999995,14196.371874999999,-7706.601874999999
46,ART0000753,1699.99,1699.99,0.0
47,ART0000756,5012.42,5012.42,0.0
48,ART0000757,496.68,496.68,0.0
49,ART0000758,2899.5400000000004,2718.3187500000004,181.22125000000005
50,ART0000762,15123.699999999999,2736.6695238095235,12387.030476190475
51,ART0000765,232.35,232.35,0.0
52,ART0000769,857.4200000000001,285.8066666666667,571.6133333333335
53,ART0000772,1315.25,789.1500000000001,526.0999999999999
54,ART0000778,570.9199999999998,3615.826666666666,-3044.906666666666
55,ART0000779,398.31999999999994,1593.2799999999997,-1194.9599999999998
56,ART0000780,816.87,367.5915,449.2785
57,ART0000782,3748.9999999999995,7706.277777777777,-3957.277777777778
58,ART0000783,4216.21,8666.653888888888,-4450.443888888888
59,ART0000784,3040.26,6514.842857142858,-3474.5828571428574
60,ART0000786,2603.5300000000007,1952.6475000000003,650.8825000000004
61,ART0000788,920.7000000000002,460.35,460.35000000000014
62,ART0000790,514.97,1029.94,-514.97
63,ART0000795,20651.329999999994,25037.453185840703,-4386.123185840708
64,ART0000796,506.83000000000004,1013.6600000000001,-506.83000000000004
65,ART0000797,370.57,741.1400000000001,-370.5700000000001
66,ART0000804,3422.3899999999985,2737.911999999999,684.4779999999996
67,ART0000805,695.9000000000001,1043.8500000000001,-347.95000000000005
68,ART0000811,3343.14,11700.989999999998,-8357.849999999999
69,ART0000812,3900.33,1300.1100000000001,2600.22
70,ART0000814,593.4100000000001,593.4100000000001,0.0
71,ART0000825,1670.71,2004.852,-334.14200000000005
72,ART0000826,3913.21,782.642,3130.568
73,ART0000830,1090.9599999999998,4363.839999999999,-3272.879999999999
74,ART0000841,2940.7,2940.7,0.0
75,ART0000843,925.2099999999999,925.2099999999998,1.1368683772161603e-13
76,ART0000845,1370.6100000000001,1370.6100000000001,0.0
77,ART0000847,706.6800000000001,16198.21411764706,-15491.53411764706
78,ART0000848,10826.09,15300.873866666667,-4474.783866666667
79,ART0000849,322.6500000000001,4015.2000000000007,-3692.5500000000006
80,ART0000850,1128.6599999999999,2116.2374999999997,-987.5774999999999
81,ART0000851,2749.55,6873.875,-4124.325
82,ART0000853,11467.17,16914.07575,-5446.90575
83,ART0000877,135.14,97.55418749999998,37.5858125
84,ART0000878,135.16,193.02537500000003,-57.86537500000003
85,ART0000879,124.31,197.65290000000002,-73.34290000000001
86,ART0000880,12.94,24.94185,-12.00185
87,ART0000881,48.28,72.52972727272727,-24.24972727272727
88,ART0000882,22.04,20.805,1.2349999999999994
89,ART0000883,64.05,53.655921052631584,10.394078947368413
90,ART0000885,39.34,59.2182705882353,-19.878270588235296
91,ART0000887,55.44,55.496,-0.05600000000000449
92,ART0000888,20.94,29.65556756756757,-8.715567567567568
93,ART0000889,6.8,19.191111111111113,-12.391111111111112
94,ART0000890,2.16,3.8556000000000004,-1.6956000000000002
95,ART0000891,18.93,11.357999999999999,7.572000000000001
96,ART0000893,33.11,43.94191402714932,-10.831914027149324
97,ART0001017,455.24,227.62,227.62
98,ART0001018,412.02,824.04,-412.02
99,ART0001046,8.370000000000001,75.70431055900622,-67.33431055900621
100,ART0001047,40.92,292.7965048543689,-251.87650485436887
101,ART0001095,1.62,16.92,-15.3
102,ART0001099,255.53,755.0188301886792,-499.48883018867923
103,ART0001100,33.98,33.98,0.0
104,ART0001102,18.21,41.56373376623377,-23.353733766233766
105,ART0001104,19.62,45.20873493975904,-25.58873493975904
106,ART0001110,12.0,108.0,-96.0
107,ART0001113,4.29,60.7464,-56.4564
108,ART0001117,1271.74,1254.7761703958693,16.96382960413075
109,ART0001129,31.0,31.0,0.0
110,ART0001149,33.05,43.63674796747967,-10.586747967479674
111,ART0001154,110.22999999999999,25.641193846153843,84.58880615384615
112,ART0001162,265.79999999999995,262.5185185185185,3.281481481481478
113,ART0001164,44.36,44.52676691729323,-0.16676691729323068
114,ART0001170,40.29,120.55358638743455,-80.26358638743454
115,ART0001174,78.48,345.104105960265,-266.62410596026496
116,ART0001180,4.21,8.37625974025974,-4.166259740259741
117,ART0001185,46.78,227.10686468646867,-180.32686468646867
118,ART0001188,1.17,3.4515,-2.2815
119,ART0001190,4.66,4.639739130434783,0.020260869565217554
120,ART0001202,77.23,77.23,0.0
121,ART0001203,73.52000000000001,71.22727650727651,2.2927234927234963
122,ART0001208,8.5,17.0,-8.5
123,ART0001214,30.68,161.28914285714285,-130.60914285714284
124,ART0001215,42.27,40.77811764705883,1.4918823529411753
125,ART0001218,1.03,1.0150181818181818,0.014981818181818207
126,ART0001219,9.77,9.702620689655172,0.06737931034482791
127,ART0001228,1.12,9.629617021276596,-8.509617021276597
128,ART0001238,5.1,2.5570833333333334,2.5429166666666663
129,ART0001244,118.77,60.698181818181816,58.07181818181818
130,ART0001249,17.23,5.7074375,11.5225625
131,ART0001252,41.69,57.78046629213483,-16.090466292134835
132,ART0001253,5.92,5.849313432835821,0.07068656716417898
133,ART0001261,0.52,3.4012727272727274,-2.8812727272727274
134,ART0001263,0.9099999999999999,5.696363636363635,-4.786363636363635
135,ART0001264,0.82,1.6184918032786884,-0.7984918032786884
136,ART0001265,328.0,328.0,0.0
137,ART0001266,72.0,72.0,0.0
138,ART0001267,2.53,2.4869361702127657,0.04306382978723411
139,ART0001272,143.3,141.24721763085398,2.05278236914603
140,ART0001276,0.36,0.35733333333333334,0.0026666666666666505
141,ART0001277,1.19,1.1800833333333332,0.009916666666666796
142,ART0001290,1.19,1.1800833333333332,0.009916666666666796
143,ART0001294,2.7699999999999996,0.6945268292682926,2.075473170731707
144,ART0001391,22.75,11.666666666666666,11.083333333333334
145,ART0001409,5.47,17.74110266159696,-12.27110266159696
146,ART0001422,18.96,16.432000000000002,2.5279999999999987
147,ART0001427,0.14,1.7995833333333333,-1.6595833333333334
148,ART0001429,7.35,7.316891891891892,0.033108108108107714
149,ART0001433,11.870000000000001,6.247368421052633,5.622631578947368
150,ART0001441,23.33,24.88533333333333,-1.5553333333333335
151,ART0001492,0.81,0.8910000000000001,-0.08100000000000007
152,ART0001493,35.14,118.40652173913043,-83.26652173913043
153,ART0001497,41.89,28.42535714285714,13.46464285714286
154,ART0001500,9.57,11.9625,-2.3925
155,ART0001514,46.25,81.38221153846155,-35.13221153846155
156,ART0001515,25.0,25.0,0.0
157,ART0001520,3.91,108.01375,-104.10375
158,ART0001534,12.0,24.0,-12.0
159,ART0001535,1.96,2.303,-0.34299999999999997
160,ART0001566,1.22,3.0710344827586207,-1.8510344827586207
161,ART0001575,2.16,12.18175415282392,-10.02175415282392
162,ART0001587,0.6900000000000001,0.7002644628099174,-0.01026446280991733
163,ART0001588,0.32,0.3144347826086957,0.0055652173913043335
164,ART0001590,9.0,22.503114186851214,-13.503114186851214
165,ART0001593,0.2,0.0518796992481203,0.1481203007518797
166,ART0001605,1.72,1.712,0.008000000000000007
167,ART0001606,7.14,7.14,0.0
168,ART0001609,1.25,3.3630952380952377,-2.1130952380952377
169,ART0001610,0.95,4.414190573770491,-3.464190573770491
170,ART0001612,0.02,0.020955951265229613,-0.0009559512652296126
171,ART0001615,34.72,44.352000000000004,-9.632000000000005
172,ART0001628,5.510000000000001,0.8113626373626375,4.698637362637363
173,ART0001636,4.05,6.072574850299401,-2.022574850299401
174,ART0001637,17.9,26.933255813953487,-9.033255813953488
175,ART0001653,18.58,21.31277821011673,-2.732778210116731
176,ART0001659,22.44,7.463377777777778,14.976622222222224
177,ART0001669,4.0,4.0,0.0
178,ART0001670,1.28,1.2672,0.012799999999999923
179,ART0001731,90.0,214.58823529411765,-124.58823529411765
180,ART0001733,123.0,8487.0,-8364.0
181,ART0001739,40.28,77.539,-37.259
182,ART0001740,9.38,9.469333333333333,-0.08933333333333238
183,ART0001741,39.35,30.35571428571429,8.994285714285713
184,ART0001743,167.2,220.96627450980392,-53.766274509803935
185,ART0001745,149.18,250.7836756756757,-101.6036756756757
186,ART0001759,945.5100000000001,1248.0732,-302.56319999999994
187,ART0001761,27.77,14.193555555555553,13.576444444444446
188,ART0001762,12.27,24.54,-12.27
189,ART0001765,678.2099999999999,746.9117922077921,-68.70179220779221
190,ART0001766,88.13000000000001,52.98747826086957,35.14252173913044
191,ART0001767,33.4,33.77111111111111,-0.3711111111111123
192,ART0001768,57.24,35.030879999999996,22.209120000000006
193,ART0001770,148.05,1035.5040000000001,-887.4540000000002
194,ART0001772,132.11,189.04941,-56.93940999999998
195,ART0001773,38.05,69.155875,-31.105874999999997
196,ART0001775,575.52,633.3626666666667,-57.84266666666667
197,ART0001776,82.85,112.90343137254901,-30.053431372549014
198,ART0001777,14.38,144.5281012658228,-130.14810126582282
199,ART0001778,23.82,24.084666666666667,-0.2646666666666668
200,ART0001779,22.4,59.97599999999999,-37.57599999999999
201,ART0001783,73.74000000000001,202.4498181818182,-128.70981818181818
202,ART0001785,918.95,191.44791666666669,727.5020833333333
203,ART0001786,225.77,476.1614605647517,-250.39146056475167
204,ART0001788,140.0,301.4285714285714,-161.4285714285714
205,ART0001789,31.17,31.17,0.0
206,ART0001794,337.85,902.4061871227365,-564.5561871227364
207,ART0001799,199.17,929.5084421743887,-730.3384421743888
208,ART0001804,32.11,32.96247787610619,-0.8524778761061924
209,ART0001807,1888.65,3089.218864864865,-1200.5688648648647
210,ART0001811,471.96,1194.9894476062939,-723.0294476062938
211,ART0001813,92.05,94.53200468933177,-2.4820046893317738
212,ART0001817,141.01,186.27782564102563,-45.26782564102564
213,ART0001821,151.43,60.296672727272735,91.13332727272727
214,ART0001825,6.6,13.353488372093022,-6.753488372093022
215,ART0001829,30.1,59.87103825136612,-29.77103825136612
216,ART0001830,215.45999999999998,475.0892999999999,-259.62929999999994
217,ART0001832,159.2,47.2078612716763,111.99213872832368
218,ART0001837,120.25,126.34963768115942,-6.099637681159422
219,ART0001840,52.14,202.3475744680851,-150.2075744680851
220,ART0001841,88.09,176.85761538461537,-88.76761538461537
221,ART0001866,3456.79,5060.264178005243,-1603.4741780052427
222,ART0001868,627.64,1883.5383645320196,-1255.8983645320195
223,ART0001869,37.78,18.89,18.89
224,ART0001872,62.33,28.558472727272726,33.77152727272727
225,ART0001873,151.51,301.55484835164833,-150.04484835164834
226,ART0001874,16.51,16.51,0.0
227,ART0001877,135.38,152.09358024691358,-16.71358024691358
228,ART0001880,34.51,20.542960629921257,13.96703937007874
229,ART0001882,28.98,225.76800000000003,-196.78800000000004
230,ART0001884,110.93,79.66532992327366,31.264670076726347
231,ART0001885,38.33,68.08801818181817,-29.758018181818173
232,ART0001886,228.42,320.25321384928714,-91.83321384928715
233,ART0001889,73.94,98.58666666666666,-24.64666666666666
234,ART0001890,9.57,9.403565217391304,0.1664347826086967
235,ART0001891,9.01,24.24253125,-15.23253125
236,ART0001895,47.4,140.8855462184874,-93.4855462184874
237,ART0001897,673.03,142.8280069808028,530.2019930191972
238,ART0001898,383.05000000000007,732.6464839319472,-349.5964839319471
239,ART0001900,3.91,7.550344827586207,-3.6403448275862065
240,ART0001908,252.01999999999998,379.01536646785945,-126.99536646785947
241,ART0001913,1469.78,128238.305,-126768.525
242,ART0001917,931.4000000000001,1507.9809523809524,-576.5809523809523
243,ART0001920,90.43,108.9817339055794,-18.551733905579397
244,ART0001921,312.08,773.7243399999999,-461.6443399999999
245,ART0001923,255.94,250.4653475935829,5.474652406417107
246,ART0001926,128.53,128.1519705882353,0.3780294117647145
247,ART0001931,254.94,100.67417872340425,154.26582127659574
248,ART0001935,18.62,34.61129411764706,-15.991294117647062
249,ART0001939,11.29,22.71684848484848,-11.426848484848481
250,ART0001940,416.58000000000004,900.487782324059,-483.907782324059
251,ART0001942,435.12,129.6151111111111,305.5048888888889
252,ART0001945,29.92,59.84,-29.92
253,ART0001946,59.03,114.5182,-55.48819999999999
254,ART0001947,22.56,22.058666666666664,0.501333333333335
255,ART0001950,34.43,142.6581673306773,-108.22816733067728
256,ART0001951,50.49,101.33935943060499,-50.849359430604984
257,ART0001981,7.39,14.78,-7.39
258,ART0001989,9.91,7.358910891089109,2.551089108910891
259,ART0001993,14.0,273.0,-259.0
260,ART0001994,182.39999999999998,172.79999999999998,9.599999999999994
261,ART0002010,6.09,8.007222222222222,-1.9172222222222217
262,ART0002012,46.54,3.1026666666666665,43.437333333333335
263,ART0002015,10.850000000000001,12.20625,-1.3562499999999993
264,ART0002017,51.0,51.0,0.0
265,ART0002018,42.0,42.0,0.0
266,ART0002019,49.0,49.0,0.0
267,ART0002026,8.74,4.734166666666667,4.005833333333333
268,ART0002027,7.89,9.862499999999999,-1.9724999999999993
269,ART0002028,24.0,48.0,-24.0
270,ART0002029,33.0,33.0,0.0
271,ART0002041,65.4,90.09183673469389,-24.69183673469388
272,ART0002042,56.64,37.26961038961039,19.37038961038961
273,ART0002048,5.76,12.287999999999998,-6.527999999999999
274,ART0002070,16.25,11.797945205479452,4.4520547945205475
275,ART0002079,1.87,3.781555555555556,-1.9115555555555557
276,ART0002102,16.72,5.7475,10.9725
277,ART0002107,18.0,10.180891719745222,7.8191082802547776
278,ART0002109,0.13,1.1037,-0.9736999999999999
279,ART0002112,0.73,1.544230769230769,-0.8142307692307691
280,ART0002123,0.12,0.21359999999999998,-0.09359999999999999
281,ART0002132,7.59,0.7027777777777777,6.887222222222222
282,ART0002133,115.33,142.21142857142857,-26.88142857142857
283,ART0002139,21.39,21.25375796178344,0.13624203821656167
284,ART0002140,22.0,21.316770186335404,0.683229813664596
285,ART0002141,13.46,68.58190476190477,-55.121904761904766
286,ART0002142,13.68,27.787499999999998,-14.107499999999998
287,ART0002144,7.59,0.7027777777777777,6.887222222222222
288,ART0002145,17.64,9.261,8.379000000000001
289,ART0002148,59.65,41.34158415841584,18.308415841584157
290,ART0002152,12.7,0.5521739130434783,12.14782608695652
291,ART0002172,2.21,4.6133750000000004,-2.4033750000000005
292,ART0002173,13.02,31.826666666666668,-18.80666666666667
293,ART0002191,13.57,0.6785,12.8915
294,ART0002195,3.2,16.0,-12.8
295,ART0002210,2.54,4.0386,-1.4985999999999997
296,ART0002214,6.14,4.495357142857142,1.6446428571428573
297,ART0002224,166.46,83.23,83.23
298,ART0002228,5.029999999999999,6.706666666666666,-1.6766666666666667
299,ART0002238,0.96,34.92,-33.96
300,ART0002240,7.8,16.688372093023254,-8.888372093023253
301,ART0002249,6.97,8.915116279069768,-1.9451162790697678
302,ART0002262,8.51,17.871,-9.360999999999999
303,ART0002263,6.78,14.273684210526316,-7.4936842105263155
304,ART0002267,12.48,21.472,-8.992
305,ART0002271,22.59,18.878785714285712,3.711214285714288
306,ART0002273,4.96,10.126666666666667,-5.166666666666667
307,ART0002274,99.55,98.72041666666667,0.829583333333332
308,ART0002284,13.5,13.5,0.0
309,ART0002299,16.76,16.957176470588237,-0.19717647058823573
310,ART0002306,4.35,4.557142857142857,-0.2071428571428573
311,ART0002360,68.53,475.8491549295775,-407.3191549295775
312,ART0002366,120.19999999999999,97.362,22.837999999999994
313,ART0002370,288.8,25992.0,-25703.2
314,ART0002385,712.8799999999999,500.0799999999999,212.79999999999995
315,ART0002411,33.05,31.562749999999998,1.4872499999999995
316,ART0002416,0.42,3.165,-2.745
317,ART0002423,0.89,3.5845517241379308,-2.6945517241379306
318,ART0002424,1.57,0.9321875000000001,0.6378125
319,ART0002444,31.520000000000003,52.16742951907131,-20.64742951907131
320,ART0002450,94.77,91.25999999999999,3.510000000000005
321,ART0002451,16.06,97.25935999999999,-81.19935999999998
322,ART0002452,61.5,58.425,3.075000000000003
323,ART0002455,216.01,319.3191304347826,-103.30913043478262
324,ART0002456,69.54,104.31,-34.769999999999996
325,ART0002464,11.67,11.503285714285713,0.1667142857142867
326,ART0002476,12.6,26.88,-14.28
327,ART0002488,22.0,22.0,0.0
328,ART0002490,16.32,4.533333333333333,11.786666666666667
329,ART0002494,56.0,56.0,0.0
330,ART0002498,8.0,16.0,-8.0
331,ART0002502,21.27,48.92099999999999,-27.650999999999993
332,ART0002504,117.0,175.5,-58.5
333,ART0002508,5.07,0.44086956521739135,4.629130434782609
334,ART0002511,2.69,0.10346153846153847,2.5865384615384617
335,ART0002513,94.68,2.9794405594405595,91.70055944055945
336,ART0002517,0.89,5.395625,-4.505625
337,ART0002530,148.8,558.0,-409.2
338,ART0002531,17.84,42.816,-24.976000000000003
339,ART0002551,21.950000000000003,18.73556485355649,3.2144351464435132
340,ART0002552,2.74,11.131250000000001,-8.391250000000001
341,ART0002554,6.890000000000001,7.1053125,-0.21531249999999957
342,ART0002555,8.22,17.536,-9.316
343,ART0002556,6.61,13.22,-6.61
344,ART0002580,21.0,31.5,-10.5
345,ART0002581,31.0,46.5,-15.5
346,ART0002586,11.02,17.1912,-6.171199999999999
347,ART0002598,8.06,19.881333333333334,-11.821333333333333
348,ART0002608,68.0,68.0,0.0
349,ART0002614,10.89,11.4345,-0.5444999999999993
350,ART0002615,5.34,21.7872,-16.4472
351,ART0002617,3.8,3.9085714285714284,-0.10857142857142854
352,ART0002619,7.7,15.4,-7.7
353,ART0002628,2.59,3.2806666666666664,-0.6906666666666665
354,ART0002706,56.0,84.0,-28.0
355,ART0002707,41.0,61.5,-20.5
356,ART0002712,16.68,400.32,-383.64
357,ART0002718,50.0,50.0,0.0
358,ART0002719,43.0,43.0,0.0
359,ART0002739,8.04,35.340659340659336,-27.300659340659337
360,ART0002740,325.67,498.78629276895947,-173.11629276895945
361,ART0002747,133.1,53.239999999999995,79.86
362,ART0002753,9.3,9.713333333333335,-0.413333333333334
363,ART0002755,23.02,31.165538461538464,-8.145538461538465
364,ART0002793,860.0,1470.6,-610.5999999999999
365,ART0002829,222.2,69.83428571428571,152.36571428571426
366,ART0002836,348.33,353.8590476190476,-5.529047619047617
367,ART0002859,161.0,207.0,-46.0
368,ART0002860,161.0,207.0,-46.0
369,ART0002866,230.07,250.22211678832116,-20.152116788321166
370,ART0002867,80.4,98.2502752293578,-17.85027522935779
371,ART0002882,8.14,16.28,-8.14
372,ART0002886,15.41,10.74030303030303,4.66969696969697
373,ART0002895,51.76,77.64,-25.880000000000003
374,ART0002896,51.76,77.64,-25.880000000000003
375,ART0002897,131.25,132.01979472140764,-0.769794721407635
376,ART0002909,44.92,7.030956521739131,37.889043478260874
377,ART0002918,98.03,132.34050000000002,-34.31050000000002
378,ART0002919,95.59,113.2467515923567,-17.6567515923567
379,ART0002938,125.62,47.1075,78.5125
380,ART0002949,49.69,17.74642857142857,31.943571428571428
381,ART0002958,8.07,12.105,-4.035
382,ART0002959,15.35,24.02608695652174,-8.676086956521742
383,ART0002961,30.42,33.462,-3.0420000000000016
384,ART0002962,30.42,33.462,-3.0420000000000016
385,ART0002963,27.38,30.42222222222222,-3.0422222222222217
386,ART0002968,15.62,21.086999999999996,-5.466999999999997
387,ART0002969,11.72,18.752,-7.031999999999998
388,ART0002978,38.03,21.2968,16.7332
389,ART0002988,58.35,116.7,-58.35
390,ART0002989,38.02,59.31120000000001,-21.291200000000003
391,ART0002990,25.41,51.4976,-26.0876
392,ART0002996,51.76,50.83571428571429,0.924285714285709
393,ART0002997,190.0,190.0,0.0
394,ART0003099,4.5,3.9899999999999998,0.5100000000000002
395,ART0003101,4.21,13.532142857142857,-9.322142857142858
396,ART0003105,0.65,1.3118181818181818,-0.6618181818181817
397,ART0003132,1.05,2.6433566433566438,-1.5933566433566437
398,ART0003135,108.0,108.0,0.0
399,ART0003160,25.63,12.815,12.815
400,ART0003164,22.3,48.83128205128205,-26.53128205128205
401,ART0003167,0.67,1.6481999999999999,-0.9781999999999998
402,ART0003169,76.67,110.9268085106383,-34.256808510638294
403,ART0003189,109.2,126.0,-16.799999999999997
404,ART0003195,2.32,5.694545454545454,-3.3745454545454545
405,ART0003197,36.0,48.0,-12.0
406,ART0003202,44.8,44.8,0.0
407,ART0003263,0.02,0.061,-0.040999999999999995
408,ART0003268,0.96,2.949446808510638,-1.989446808510638
409,ART0003269,4.97,24.764656565656566,-19.794656565656567
410,ART0003275,0.88,1.0685714285714285,-0.1885714285714285
411,ART0003277,9.82,8.129069518716578,1.6909304812834218
412,ART0003309,22.659999999999997,11.670386266094418,10.989613733905578
413,ART0003310,14.2,13.616438356164382,0.5835616438356173
414,ART0003578,23.8,9.520000000000001,14.28
415,ART0003580,82.55,115.8701818181818,-33.32018181818181
416,ART0003609,890.0799999999999,407.95333333333326,482.12666666666667
417,ART0003610,776.07,167.72516364619963,608.3448363538005
418,ART0003612,59.23,475.9553571428571,-416.7253571428571
419,ART0003613,32.38,356.5748780487805,-324.1948780487805
420,ART0003642,14.78,29.03534199134199,-14.255341991341991
421,ART0003704,86.01,27.506444805194807,58.5035551948052
422,ART0003780,47.78,29.578095238095237,18.201904761904764
423,ART0003782,10.02,10.02,0.0
424,ART0003785,146.61,131.949,14.661000000000001
425,ART0003824,16.27,20.568872433524067,-4.298872433524068
426,ART0003844,5.65,6.558035714285714,-0.9080357142857141
427,ART0003935,187.81,281.71500000000003,-93.90500000000003
428,ART0003940,954.8800000000001,977.751377245509,-22.87137724550894
429,ART0003982,1.0,1.73,-0.73
430,ART0003984,0.58,0.07565217391304346,0.5043478260869565
431,ART0003989,1.43,2.32375,-0.89375
432,ART0004014,399.41,392.148,7.2620000000000005
433,ART0004015,52.29,85.7556,-33.4656
434,ART0004084,702.0499999999998,468.03333333333325,234.0166666666666
435,ART0004099,976.66,960.6491803278689,16.010819672131106
436,ART0004104,1651.2300000000005,1793.577413793104,-142.34741379310344
437,ART0004146,1790.92,525.1964809384165,1265.7235190615836
438,ART0004149,5.38,0.10918024032042722,5.270819759679573
439,ART0004152,14.2,46.666666666666664,-32.46666666666667
440,ART0004169,96.17,263.2920888888889,-167.12208888888887
441,ART0004175,103.52000000000001,121.26628571428571,-17.746285714285705
442,ART0004202,2.7,4.968000000000001,-2.2680000000000007
443,ART0004357,138.01,7.03851,130.97149
444,ART0004362,3.9,15.934285714285712,-12.034285714285712
445,ART0004363,826.57,28.50241379310345,798.0675862068966
446,ART0004373,1428.0,2982.0,-1554.0
447,ART0004374,1039.38,2170.4700000000003,-1131.0900000000001
448,ART0004375,17.84,21.804444444444442,-3.9644444444444424
449,ART0004384,330.0,348.0,-18.0
450,ART0004385,221.6,275.64878048780486,-54.04878048780486
451,ART0004386,26.98,42.65171604938271,-15.671716049382713
452,ART0004392,294.0,343.0,-49.0
453,ART0004397,2471.47,5261.05,-2789.5800000000004
454,ART0004403,72.26,72.03766153846153,0.22233846153847026
455,ART0004410,36.54,75.32861538461538,-38.788615384615376
456,ART0004420,18.29,11.139022556390978,7.150977443609021
457,ART0004440,261.06,223.76571428571427,37.294285714285735
458,ART0004656,10.37,8.497638888888888,1.8723611111111111
459,ART0004659,33.87,11.29,22.58
460,ART0004660,44.35,44.35,0.0
461,ART0004671,24.83,24.83,0.0
462,ART0004675,3.22,17.602666666666668,-14.382666666666667
463,ART0004689,19.94,63.36794482758621,-43.4279448275862
464,ART0004697,6.13,23.687245283018868,-17.55724528301887
465,ART0004711,44.66,206.98846666666665,-162.32846666666666
466,ART0004717,8.45,8.514999999999999,-0.0649999999999995
467,ART0004718,0.36,1.6662857142857141,-1.306285714285714
468,ART0004724,3.11,3.09765873015873,0.01234126984126993
469,ART0004725,2.38,1.5800898100172711,0.7999101899827288
470,ART0004726,0.95,0.9401298701298701,0.009870129870129807
471,ART0004727,3.8,3.790117035110533,0.009882964889466717
472,ART0004737,8.0,8.133333333333335,-0.13333333333333464
473,ART0004836,260.0,130.0,130.0
474,ART0004880,12.13,4.102794117647059,8.027205882352941
475,ART0004885,36.73,31.367535321821034,5.362464678178963
476,ART0004886,278.26,317.4628690629011,-39.20286906290113
477,ART0004889,40.0,78893.33333333334,-78853.33333333334
478,ART0004898,3.13,4.514423076923077,-1.3844230769230768
479,ART0004901,3.44,5.628589743589743,-2.1885897435897435
480,ART0004902,106.7,153.89423076923077,-47.19423076923077
481,ART0004904,11.17,16.87467857142857,-5.7046785714285715
482,ART0004919,31.439999999999998,93.68413483146067,-62.24413483146067
483,ART0004924,94.31,187.34840449438204,-93.03840449438204
484,ART0004941,55.68,108.88533333333334,-53.205333333333336
485,ART0004942,17.48,57.43428571428572,-39.95428571428572
486,ART0004944,1.0,3.4285714285714284,-2.4285714285714284
487,ART0004946,15.81,32.998174342105266,-17.188174342105263
488,ART0004947,5.24,13.100000000000001,-7.860000000000001
489,ART0005011,39.73,19.297428571428572,20.432571428571425
490,ART0005026,63.02,68.48173333333334,-5.461733333333335
491,ART0005028,497.26,144.65745454545453,352.60254545454546
492,ART0005029,59.71,184.0376712328767,-124.3276712328767
493,ART0005030,292.15999999999997,289.7711201962387,2.388879803761256
494,ART0005034,3.63,0.45375,3.17625
495,ART0005035,13.61,1.361,12.248999999999999
496,ART0005036,68.38,6.410625,61.969375
497,ART0005037,50.3,6.8590909090909085,43.44090909090909
498,ART0005091,3.03,3.189473684210526,-0.1594736842105262
499,ART0005109,6.97,15.8916,-8.921600000000002
500,ART0005110,74.0,407.0,-333.0
501,ART0005111,16.0,64.0,-48.0
502,ART0005112,26.0,104.0,-78.0
503,ART0005136,136.54,2689.2438017821214,-2552.7038017821214
